59
492
1393
1421
1873
2362
2862
3058
3526
4421
5211
5386
5857
6413
6505
6862
8690
9172
9383
10012
10027
10886
11087
12399
12777
13069
13784
14067
15011
15060
15198
15736
15788
16091
16124
16229
16327
17281
17373
17539
17763
18167
18456
18537
18586
18814
19582
19802
20336
20540
20545
20925
21313
21530
21729
22305
22567
22651
23135
23426
24043
24370
24919
25123
25403
25782
26808
26996
27178
27739
27793
28094
28980
29676
30364
30846
32754
33367
33368
33584
33750
33895
33926
33929
34022
34324
35368
35434
36226
36429
36649
36915
37084
37276
38042
38315
38335
39170
39932
39956
